U_znam=15.0
U_robocze=1.0
cos_fi=0.8944
k_p=115.97
k_A=0.097
tau_str=3000
r_s=0.15
k_e=0.00
d_U_d=-10
d_U_g=10
ro_1=0.90
ro_2=0.10
kl_str=1
kl_zaw=1
q_odl=0.0000055
q_wyl=0.0000816
q_glo=0.00039
k_pola=45.0